[gd_scene load_steps=6 format=2]

[ext_resource path="res://Textures/SandSmoke.tres" type="Material" id=1]
[ext_resource path="res://Textures/fog.png" type="Texture" id=2]

[sub_resource type="PlaneMesh" id=2]
size = Vector2( 10, 10 )

[sub_resource type="Shader" id=1]
code = "shader_type spatial;

uniform sampler2D Smoke;
uniform float Period = 4.0;
uniform float Magnitude = 0.01;
uniform float offset = 0.0;

void fragment()
{
	float Mod = Magnitude * sin(offset + TIME*2.0*3.14/Period);
	ALBEDO = texture(Smoke,UV+Mod).rgb * vec3(0.7,0.5,0.3);	
	ALPHA = texture(Smoke,UV+Mod).a;
	
	
	
	
}"

[sub_resource type="ShaderMaterial" id=3]
shader = SubResource( 1 )
shader_param/Period = 4.0
shader_param/Magnitude = 0.01
shader_param/offset = 40.0
shader_param/Smoke = ExtResource( 2 )

[node name="DistantSandCloud" type="Spatial"]

[node name="MeshInstance" type="MeshInstance" parent="."]
transform = Transform( 1, 0, 0, 0, -4.37114e-008, -1, 0, 1, -4.37114e-008, 0, 0, 0 )
mesh = SubResource( 2 )
material/0 = ExtResource( 1 )

[node name="MeshInstance3" type="MeshInstance" parent="."]
transform = Transform( 0.57021, -0.821499, 3.59089e-008, 0, -4.37114e-008, -1, 0.821499, 0.57021, -2.49247e-008, 9.35591, 0, 3.44739 )
mesh = SubResource( 2 )
material/0 = ExtResource( 1 )

[node name="MeshInstance2" type="MeshInstance" parent="."]
transform = Transform( 0.857186, 0.515008, -2.25117e-008, 0, -4.37114e-008, -1, -0.515008, 0.857186, -3.74688e-008, -6.01263, 0, 1.51199 )
mesh = SubResource( 2 )
material/0 = SubResource( 3 )

[node name="MeshInstance4" type="MeshInstance" parent="."]
transform = Transform( 0.911854, -0.410515, 1.79442e-008, 0, -4.37114e-008, -1, 0.410515, 0.911854, -3.98584e-008, 4.68535, 0, -0.629827 )
mesh = SubResource( 2 )
material/0 = SubResource( 3 )
